3 55 58
7 51 55
------------i1----------------
109 74 2
110 74 3
111 74 4
112 74 5
112 75 6
112 76 7
113 76 8
114 76 9
115 76 10
116 76 11
117 76 12
118 76 13
119 76 14
119 77 15
119 78 16
119 79 17
119 80 18
119 81 19
120 81 20
121 81 21
122 81 22
123 81 23
123 82 24
124 82 25
125 82 26
126 82 27
126 83 28
127 83 29
127 84 30
127 85 31
128 85 32
128 86 33
129 86 34
130 86 35
131 86 36
132 86 37
132 87 38
132 88 39
132 89 40
132 90 41
132 91 42
132 92 43
132 93 44
132 94 45
132 95 46
133 95 47
133 96 48
133 97 49
133 98 50
133 99 51
133 100 52
133 101 53
133 102 54
133 103 55
133 104 56
134 104 57
135 104 58
136 104 59
137 104 60
137 105 61
137 106 62
138 106 63
138 107 64
138 108 65
138 109 66
138 110 67
138 111 68
138 112 69
138 113 70
139 113 71
140 113 72
141 113 73
142 113 74
142 114 75
143 114 76
144 114 77
144 115 78
144 116 79
144 117 80
144 118 81
144 119 82
144 120 83
144 121 84
144 122 85
144 123 86
144 124 87
144 125 88
144 126 89
144 127 90
144 128 91
144 129 92
144 130 93
144 131 94
144 132 95
144 133 96
145 133 97
146 133 98
147 133 99
148 133 100
149 133 101
150 133 102
151 133 103
151 134 104
152 134 105
152 135 106
153 135 107
154 135 108
155 135 109
156 135 110
157 135 111
158 135 112
159 135 113
160 135 114
161 135 115
161 136 116
161 137 117
162 137 118
163 137 119
163 138 120
163 139 121
163 140 122
163 141 123
163 142 124
163 143 125
163 144 126
164 144 127
165 144 128
166 144 129
166 145 130
167 145 131
168 145 132
169 145 133
169 146 134
169 147 135
170 147 136
171 147 137
172 147 138
173 147 139
174 147 140
175 147 141
176 147 142
177 147 143
177 148 144
178 148 145
179 148 146
179 149 147
179 150 148
179 151 149
179 152 150
180 152 151
181 152 152
182 152 153
------------i2----------------
165 127 21
165 126 22
165 125 23
165 124 24
165 123 25
165 122 26
165 121 27
165 120 28
165 119 29
165 118 30
165 117 31
165 116 32
165 115 33
165 114 34
164 114 35
163 114 36
162 114 37
161 114 38
160 114 39
159 114 40
158 114 41
157 114 42
156 114 43
155 114 44
154 114 45
153 114 46
152 114 47
152 113 48
152 112 49
152 111 50
152 110 51
152 109 52
152 108 53
151 108 54
151 107 55
150 107 56
150 106 57
149 106 58
149 105 59
148 105 60
148 104 61
147 104 62
146 104 63
145 104 64
144 104 65
143 104 66
142 104 67
141 104 68
140 104 69
139 104 70
138 104 71
137 104 72
136 104 73
135 104 74
134 104 75
133 104 76
132 104 77
131 104 78
130 104 79
129 104 80
128 104 81
127 104 82
126 104 83
125 104 84
124 104 85
123 104 86
122 104 87
121 104 88
120 104 89
119 104 90
118 104 91
117 104 92
116 104 93
115 104 94
114 104 95
113 104 96
112 104 97
111 104 98
110 104 99
109 104 100
109 103 101
109 102 102
109 101 103
109 100 104
110 100 105
111 100 106
112 100 107
113 100 108
114 100 109
115 100 110
116 100 111
117 100 112
118 100 113
119 100 114
120 100 115
121 100 116
122 100 117
123 100 118
124 100 119
125 100 120
126 100 121
127 100 122
128 100 123
129 100 124
130 100 125
131 100 126
132 100 127
133 100 128
134 100 129
135 100 130
136 100 131
137 100 132
138 100 133
139 100 134
140 100 135
141 100 136
142 100 137
143 100 138
144 100 139
145 100 140
146 100 141
147 100 142
148 100 143
149 100 144
150 100 145
151 100 146
152 100 147
153 100 148
154 100 149
155 100 150
156 100 151
157 100 152
158 100 153
159 100 154
160 100 155
161 100 156
162 100 157
163 100 158
164 100 159
165 100 160
166 100 161
167 100 162
168 100 163
169 100 164
170 100 165
171 100 166
172 100 167
173 100 168
174 100 169
175 100 170
176 100 171
177 100 172
178 100 173
179 100 174
180 100 175
------------i2----------------
165 127 21
165 126 22
165 125 23
165 124 24
165 123 25
165 122 26
165 121 27
165 120 28
165 119 29
165 118 30
165 117 31
165 116 32
165 115 33
165 114 34
164 114 35
163 114 36
162 114 37
161 114 38
160 114 39
159 114 40
158 114 41
157 114 42
156 114 43
155 114 44
154 114 45
153 114 46
152 114 47
152 113 48
152 112 49
152 111 50
152 110 51
152 109 52
152 108 53
151 108 54
151 107 55
150 107 56
150 106 57
149 106 58
149 105 59
148 105 60
148 104 61
147 104 62
146 104 63
145 104 64
144 104 65
143 104 66
142 104 67
141 104 68
140 104 69
139 104 70
138 104 71
138 104 72
138 104 73
138 104 74
138 104 75
138 104 76
138 104 77
138 104 78
138 104 79
137 104 80
136 104 81
135 104 82
134 104 83
133 104 84
132 104 85
131 104 86
130 104 87
129 104 88
128 104 89
127 104 90
126 104 91
125 104 92
124 104 93
123 104 94
122 104 95
121 104 96
120 104 97
119 104 98
118 104 99
117 104 100
116 104 101
115 104 102
114 104 103
113 104 104
112 104 105
111 104 106
110 104 107
109 104 108
109 103 109
109 102 110
109 101 111
109 100 112
110 100 113
111 100 114
112 100 115
113 100 116
114 100 117
115 100 118
116 100 119
117 100 120
118 100 121
119 100 122
120 100 123
121 100 124
122 100 125
123 100 126
124 100 127
125 100 128
126 100 129
127 100 130
128 100 131
129 100 132
130 100 133
131 100 134
132 100 135
133 100 136
134 100 137
135 100 138
136 100 139
137 100 140
138 100 141
139 100 142
140 100 143
141 100 144
142 100 145
143 100 146
144 100 147
145 100 148
146 100 149
147 100 150
148 100 151
149 100 152
150 100 153
151 100 154
152 100 155
153 100 156
154 100 157
155 100 158
156 100 159
157 100 160
158 100 161
159 100 162
160 100 163
161 100 164
162 100 165
163 100 166
164 100 167
165 100 168
166 100 169
167 100 170
168 100 171
169 100 172
170 100 173
171 100 174
172 100 175
173 100 176
174 100 177
175 100 178
176 100 179
177 100 180
178 100 181
179 100 182
180 100 183
2 70 80
7 80 91
------------i1----------------
64 76 2
64 77 3
64 78 4
64 79 5
64 80 6
64 81 7
64 82 8
64 83 9
64 84 10
64 85 11
64 86 12
64 87 13
64 88 14
64 89 15
64 90 16
64 91 17
64 92 18
64 93 19
64 94 20
64 95 21
64 96 22
65 96 23
65 97 24
65 98 25
65 99 26
65 100 27
66 100 28
67 100 29
68 100 30
69 100 31
70 100 32
71 100 33
72 100 34
73 100 35
74 100 36
75 100 37
76 100 38
77 100 39
78 100 40
79 100 41
80 100 42
81 100 43
82 100 44
83 100 45
84 100 46
85 100 47
86 100 48
87 100 49
88 100 50
89 100 51
90 100 52
91 100 53
92 100 54
93 100 55
94 100 56
95 100 57
96 100 58
97 100 59
98 100 60
99 100 61
100 100 62
101 100 63
102 100 64
103 100 65
104 100 66
105 100 67
106 100 68
107 100 69
108 100 70
109 100 71
109 101 72
109 102 73
109 103 74
109 104 75
110 104 76
111 104 77
112 104 78
113 104 79
114 104 80
115 104 81
116 104 82
116 105 83
116 106 84
117 106 85
118 106 86
119 106 87
119 107 88
119 108 89
120 108 90
121 108 91
122 108 92
123 108 93
123 109 94
124 109 95
125 109 96
126 109 97
127 109 98
128 109 99
128 110 100
129 110 101
130 110 102
131 110 103
132 110 104
133 110 105
133 111 106
133 112 107
134 112 108
135 112 109
136 112 110
136 113 111
136 114 112
136 115 113
137 115 114
137 116 115
137 117 116
------------i2----------------
165 127 21
165 126 22
165 125 23
165 124 24
165 123 25
165 122 26
165 121 27
165 120 28
165 119 29
165 118 30
165 117 31
165 116 32
165 115 33
165 114 34
164 114 35
163 114 36
162 114 37
161 114 38
160 114 39
159 114 40
158 114 41
157 114 42
156 114 43
155 114 44
154 114 45
153 114 46
152 114 47
152 113 48
152 112 49
152 111 50
152 110 51
152 109 52
152 108 53
151 108 54
151 107 55
150 107 56
150 106 57
149 106 58
149 105 59
148 105 60
148 104 61
147 104 62
146 104 63
145 104 64
144 104 65
143 104 66
142 104 67
141 104 68
140 104 69
139 104 70
138 104 71
138 104 72
138 104 73
138 104 74
138 104 75
138 104 76
138 104 77
138 104 78
138 104 79
137 104 80
136 104 81
135 104 82
134 104 83
133 104 84
132 104 85
131 104 86
130 104 87
129 104 88
128 104 89
127 104 90
126 104 91
125 104 92
124 104 93
123 104 94
122 104 95
121 104 96
120 104 97
119 104 98
118 104 99
117 104 100
116 104 101
115 104 102
114 104 103
113 104 104
112 104 105
111 104 106
110 104 107
109 104 108
109 103 109
109 102 110
109 101 111
109 100 112
110 100 113
111 100 114
112 100 115
113 100 116
114 100 117
115 100 118
116 100 119
117 100 120
118 100 121
119 100 122
120 100 123
121 100 124
122 100 125
123 100 126
124 100 127
125 100 128
126 100 129
127 100 130
128 100 131
129 100 132
130 100 133
131 100 134
132 100 135
133 100 136
134 100 137
135 100 138
136 100 139
137 100 140
138 100 141
139 100 142
140 100 143
141 100 144
142 100 145
143 100 146
144 100 147
145 100 148
146 100 149
147 100 150
148 100 151
149 100 152
150 100 153
151 100 154
152 100 155
153 100 156
154 100 157
155 100 158
156 100 159
157 100 160
158 100 161
159 100 162
160 100 163
161 100 164
162 100 165
163 100 166
164 100 167
165 100 168
166 100 169
167 100 170
168 100 171
169 100 172
170 100 173
171 100 174
172 100 175
173 100 176
174 100 177
175 100 178
176 100 179
177 100 180
178 100 181
179 100 182
180 100 183
------------i2----------------
165 127 21
165 126 22
165 125 23
165 124 24
165 123 25
165 122 26
165 121 27
165 120 28
165 119 29
165 118 30
165 117 31
165 116 32
165 115 33
165 114 34
164 114 35
163 114 36
162 114 37
161 114 38
160 114 39
159 114 40
158 114 41
157 114 42
156 114 43
155 114 44
154 114 45
153 114 46
152 114 47
152 113 48
152 112 49
152 111 50
152 110 51
152 109 52
152 108 53
151 108 54
151 107 55
150 107 56
150 106 57
149 106 58
149 105 59
148 105 60
148 104 61
147 104 62
146 104 63
145 104 64
144 104 65
143 104 66
142 104 67
141 104 68
140 104 69
139 104 70
138 104 71
138 104 72
138 104 73
138 104 74
138 104 75
138 104 76
138 104 77
138 104 78
138 104 79
137 104 80
136 104 81
135 104 82
134 104 83
133 104 84
132 104 85
131 104 86
130 104 87
129 104 88
128 104 89
127 104 90
126 104 91
125 104 92
124 104 93
123 104 94
122 104 95
121 104 96
120 104 97
119 104 98
118 104 99
117 104 100
117 104 101
116 104 102
115 104 103
114 104 104
113 104 105
112 104 106
111 104 107
110 104 108
109 104 109
109 103 110
109 102 111
109 101 112
109 100 113
110 100 114
111 100 115
112 100 116
113 100 117
114 100 118
115 100 119
116 100 120
117 100 121
118 100 122
119 100 123
120 100 124
121 100 125
122 100 126
123 100 127
124 100 128
125 100 129
126 100 130
127 100 131
128 100 132
129 100 133
130 100 134
131 100 135
132 100 136
133 100 137
134 100 138
135 100 139
136 100 140
137 100 141
138 100 142
139 100 143
140 100 144
141 100 145
142 100 146
143 100 147
144 100 148
145 100 149
146 100 150
147 100 151
148 100 152
149 100 153
150 100 154
151 100 155
152 100 156
153 100 157
154 100 158
155 100 159
156 100 160
157 100 161
158 100 162
159 100 163
160 100 164
161 100 165
162 100 166
163 100 167
164 100 168
165 100 169
166 100 170
167 100 171
168 100 172
169 100 173
170 100 174
171 100 175
172 100 176
173 100 177
174 100 178
175 100 179
176 100 180
177 100 181
178 100 182
179 100 183
180 100 184
1 60 83
2 69 69
------------i1----------------
129 83 115
128 83 116
128 82 117
128 81 118
128 80 119
128 79 120
128 78 121
128 77 122
128 76 123
128 75 124
128 74 125
128 73 126
128 72 127
128 71 128
128 70 129
128 69 130
128 68 131
128 67 132
128 66 133
128 65 134
128 64 135
128 63 136
128 62 137
128 61 138
128 60 139
128 59 140
128 58 141
128 57 142
128 56 143
128 55 144
127 55 145
126 55 146
125 55 147
125 54 148
124 54 149
123 54 150
123 53 151
123 52 152
123 51 153
123 50 154
123 49 155
123 48 156
123 47 157
123 46 158
123 45 159
123 44 160
123 43 161
123 42 162
123 41 163
123 40 164
123 39 165
123 38 166
123 37 167
123 36 168
123 35 169
123 34 170
123 33 171
123 32 172
123 31 173
122 31 174
121 31 175
121 30 176
121 29 177
121 28 178
121 27 179
121 26 180
121 25 181
121 24 182
121 23 183
121 22 184
121 21 185
121 20 186
121 19 187
121 18 188
121 17 189
121 16 190
121 15 191
121 14 192
121 13 193
121 12 194
121 11 195
121 10 196
121 9 197
121 8 198
120 8 199
120 7 200
120 6 201
120 5 202
119 5 203
118 5 204
117 5 205
116 5 206
116 4 207
116 3 208
116 2 209
------------i2----------------
137 116 117
137 115 118
137 114 119
137 113 120
137 112 121
137 111 122
137 110 123
137 109 124
136 109 125
135 109 126
135 108 127
135 107 128
135 106 129
135 105 130
134 105 131
134 104 132
133 104 133
133 103 134
133 102 135
133 101 136
133 100 137
133 99 138
133 98 139
133 97 140
133 96 141
133 95 142
133 94 143
133 93 144
133 92 145
133 91 146
133 90 147
133 89 148
133 88 149
133 87 150
133 86 151
133 85 152
133 84 153
133 83 154
133 82 155
133 81 156
133 80 157
133 79 158
133 78 159
133 77 160
133 76 161
133 75 162
133 74 163
133 73 164
133 72 165
133 71 166
133 70 167
133 69 168
133 68 169
133 67 170
133 66 171
133 65 172
133 64 173
133 63 174
133 62 175
133 61 176
133 60 177
132 60 178
132 59 179
132 58 180
131 58 181
130 58 182
129 58 183
129 57 184
129 56 185
128 56 186
127 56 187
127 55 188
127 54 189
127 53 190
126 53 191
125 53 192
124 53 193
124 52 194
123 52 195
123 51 196
123 50 197
123 49 198
123 48 199
123 47 200
123 46 201
123 45 202
123 44 203
123 43 204
123 42 205
123 41 206
123 40 207
123 39 208
123 38 209
123 37 210
123 36 211
123 35 212
123 34 213
123 33 214
123 32 215
122 32 216
121 32 217
121 31 218
121 30 219
121 29 220
121 28 221
121 27 222
121 26 223
121 25 224
121 24 225
121 23 226
121 22 227
121 21 228
121 20 229
121 19 230
121 18 231
121 17 232
121 16 233
121 15 234
121 14 235
121 13 236
121 12 237
121 11 238
121 10 239
121 9 240
121 8 241
121 7 242
120 7 243
119 7 244
118 7 245
117 7 246
117 6 247
117 5 248
117 4 249
117 3 250
117 2 251
116 2 252
------------i2----------------
137 116 117
137 115 118
137 114 119
137 113 120
137 112 121
137 111 122
137 110 123
137 109 124
136 109 125
135 109 126
135 108 127
135 107 128
135 106 129
135 105 130
134 105 131
134 104 132
133 104 133
133 103 134
133 102 135
133 101 136
133 100 137
133 99 138
133 98 139
133 97 140
133 96 141
133 95 142
133 94 143
133 93 144
133 92 145
133 91 146
133 90 147
133 89 148
133 88 149
133 87 150
133 86 151
133 85 152
133 84 153
133 83 154
133 82 155
133 81 156
133 80 157
133 79 158
133 78 159
133 77 160
133 76 161
133 75 162
133 74 163
133 73 164
133 72 165
133 71 166
133 70 167
133 69 168
133 68 169
133 67 170
133 66 171
133 65 172
133 64 173
133 63 174
133 62 175
133 61 176
133 60 177
132 60 178
132 59 179
132 58 180
131 58 181
130 58 182
129 58 183
129 57 184
129 56 185
129 56 186
129 56 187
129 56 188
129 56 189
129 56 190
129 56 191
129 56 192
129 56 193
129 56 194
129 56 195
129 56 196
129 56 197
129 56 198
129 56 199
129 56 200
128 56 201
127 56 202
127 55 203
127 54 204
127 53 205
126 53 206
125 53 207
124 53 208
124 52 209
123 52 210
123 51 211
123 50 212
123 49 213
123 48 214
123 47 215
123 46 216
123 45 217
123 44 218
123 43 219
123 42 220
123 41 221
123 40 222
123 39 223
123 38 224
123 37 225
123 36 226
123 35 227
123 34 228
123 33 229
123 32 230
122 32 231
121 32 232
121 31 233
121 30 234
121 29 235
121 28 236
121 27 237
121 26 238
121 25 239
121 24 240
121 23 241
121 22 242
121 21 243
121 20 244
121 19 245
121 18 246
121 17 247
121 16 248
121 15 249
121 14 250
121 13 251
121 12 252
121 11 253
121 10 254
121 9 255
121 8 256
121 7 257
120 7 258
119 7 259
118 7 260
117 7 261
117 6 262
117 5 263
117 4 264
117 3 265
117 2 266
116 2 267
1 94 94
2 93 113
------------i1----------------
129 83 115
128 83 116
128 82 117
128 81 118
128 80 119
128 79 120
128 78 121
128 77 122
128 76 123
128 75 124
128 74 125
128 73 126
128 72 127
128 71 128
128 70 129
128 69 130
128 68 131
128 67 132
128 66 133
128 65 134
128 64 135
128 63 136
128 62 137
128 61 138
128 60 139
128 59 140
128 58 141
128 57 142
128 56 143
128 55 144
127 55 145
126 55 146
125 55 147
125 54 148
124 54 149
123 54 150
123 53 151
123 52 152
123 51 153
123 50 154
123 49 155
123 48 156
123 47 157
123 46 158
123 45 159
123 44 160
123 43 161
123 42 162
123 41 163
123 40 164
123 39 165
123 38 166
123 37 167
123 36 168
123 35 169
123 34 170
123 33 171
123 32 172
123 31 173
122 31 174
121 31 175
121 30 176
121 29 177
121 28 178
121 27 179
121 26 180
121 25 181
121 24 182
121 23 183
121 22 184
121 21 185
121 20 186
121 19 187
121 18 188
121 17 189
121 16 190
121 15 191
121 14 192
121 13 193
121 12 194
121 11 195
121 10 196
121 9 197
121 8 198
120 8 199
120 7 200
120 6 201
120 5 202
119 5 203
118 5 204
117 5 205
116 5 206
116 4 207
116 3 208
116 2 209
------------i2----------------
137 116 117
137 115 118
137 114 119
137 113 120
137 112 121
137 111 122
137 110 123
137 109 124
136 109 125
135 109 126
135 108 127
135 107 128
135 106 129
135 105 130
134 105 131
134 104 132
133 104 133
133 103 134
133 102 135
133 101 136
133 100 137
133 99 138
133 98 139
133 97 140
133 96 141
133 95 142
133 94 143
133 93 144
133 92 145
133 91 146
133 90 147
133 89 148
133 88 149
133 87 150
133 86 151
133 85 152
133 84 153
133 83 154
133 82 155
133 81 156
133 80 157
133 79 158
133 78 159
133 77 160
133 76 161
133 75 162
133 74 163
133 73 164
133 72 165
133 71 166
133 70 167
133 69 168
133 68 169
133 67 170
133 66 171
133 65 172
133 64 173
133 63 174
133 62 175
133 61 176
133 60 177
132 60 178
132 59 179
132 58 180
131 58 181
130 58 182
129 58 183
129 57 184
129 56 185
129 56 186
129 56 187
129 56 188
129 56 189
129 56 190
129 56 191
129 56 192
129 56 193
129 56 194
129 56 195
129 56 196
129 56 197
129 56 198
129 56 199
129 56 200
128 56 201
127 56 202
127 55 203
127 54 204
127 53 205
126 53 206
125 53 207
124 53 208
124 52 209
123 52 210
123 51 211
123 50 212
123 49 213
123 48 214
123 47 215
123 46 216
123 45 217
123 44 218
123 43 219
123 42 220
123 41 221
123 40 222
123 39 223
123 38 224
123 37 225
123 36 226
123 35 227
123 34 228
123 33 229
123 32 230
122 32 231
121 32 232
121 31 233
121 30 234
121 29 235
121 28 236
121 27 237
121 26 238
121 25 239
121 24 240
121 23 241
121 22 242
121 21 243
121 20 244
121 19 245
121 18 246
121 17 247
121 16 248
121 15 249
121 14 250
121 13 251
121 12 252
121 11 253
121 10 254
121 9 255
121 8 256
121 7 257
120 7 258
119 7 259
118 7 260
117 7 261
117 6 262
117 5 263
117 4 264
117 3 265
117 2 266
116 2 267
------------i2----------------
137 116 117
137 115 118
137 114 119
137 113 120
137 112 121
137 111 122
137 110 123
137 109 124
136 109 125
135 109 126
135 108 127
135 107 128
135 106 129
135 105 130
134 105 131
134 104 132
133 104 133
133 103 134
133 102 135
133 101 136
133 100 137
133 99 138
133 98 139
133 97 140
133 96 141
133 95 142
133 94 143
133 93 144
133 92 145
133 91 146
133 90 147
133 89 148
133 88 149
133 87 150
133 86 151
133 85 152
133 84 153
133 83 154
133 82 155
133 81 156
133 80 157
133 79 158
133 78 159
133 77 160
133 76 161
133 75 162
133 74 163
133 73 164
133 72 165
133 71 166
133 70 167
133 69 168
133 68 169
133 67 170
133 66 171
133 65 172
133 64 173
133 63 174
133 62 175
133 61 176
133 60 177
132 60 178
132 59 179
132 58 180
131 58 181
130 58 182
129 58 183
129 57 184
129 56 185
129 56 186
129 56 187
129 56 188
129 56 189
129 56 190
129 56 191
129 56 192
129 56 193
129 56 194
129 56 195
129 56 196
129 56 197
129 56 198
129 56 199
129 56 200
128 56 201
127 56 202
127 55 203
127 54 204
127 53 205
126 53 206
125 53 207
124 53 208
124 52 209
124 52 210
124 52 211
123 52 212
123 51 213
123 50 214
123 49 215
123 48 216
123 47 217
123 46 218
123 45 219
123 44 220
123 43 221
123 42 222
123 41 223
123 40 224
123 39 225
123 38 226
123 37 227
123 36 228
123 35 229
123 34 230
123 33 231
123 32 232
122 32 233
121 32 234
121 31 235
121 30 236
121 29 237
121 28 238
121 27 239
121 26 240
121 25 241
121 24 242
121 23 243
121 22 244
121 21 245
121 20 246
121 19 247
121 18 248
121 17 249
121 16 250
121 15 251
121 14 252
121 13 253
121 12 254
121 11 255
121 10 256
121 9 257
121 8 258
121 7 259
120 7 260
119 7 261
118 7 262
117 7 263
117 6 264
117 5 265
117 4 266
117 3 267
117 2 268
116 2 269
2 0 5
3 0 0
------------i1----------------
133 100 138
133 99 139
133 98 140
133 97 141
133 96 142
133 95 143
133 94 144
133 93 145
133 92 146
133 91 147
133 90 148
133 89 149
133 88 150
133 87 151
133 86 152
133 85 153
133 84 154
133 83 155
133 82 156
133 81 157
133 80 158
133 79 159
133 78 160
133 77 161
133 76 162
133 75 163
133 74 164
133 73 165
133 72 166
133 71 167
133 70 168
133 69 169
133 68 170
133 67 171
133 66 172
133 65 173
133 64 174
132 64 175
131 64 176
130 64 177
130 63 178
130 62 179
130 61 180
129 61 181
129 60 182
129 59 183
128 59 184
127 59 185
126 59 186
125 59 187
125 58 188
125 57 189
125 56 190
125 55 191
125 54 192
124 54 193
124 53 194
123 53 195
123 52 196
123 51 197
123 50 198
123 49 199
123 48 200
123 47 201
123 46 202
123 45 203
123 44 204
123 43 205
123 42 206
123 41 207
123 40 208
123 39 209
123 38 210
123 37 211
123 36 212
123 35 213
123 34 214
123 33 215
122 33 216
121 33 217
121 32 218
121 31 219
121 30 220
121 29 221
121 28 222
121 27 223
121 26 224
121 25 225
121 24 226
121 23 227
121 22 228
121 21 229
121 20 230
121 19 231
121 18 232
121 17 233
121 16 234
121 15 235
121 14 236
121 13 237
121 12 238
121 11 239
121 10 240
121 9 241
121 8 242
120 8 243
119 8 244
119 7 245
119 6 246
119 5 247
119 4 248
118 4 249
117 4 250
117 3 251
117 2 252
116 2 253
------------i2----------------
109 74 2
110 74 3
111 74 4
112 74 5
112 75 6
112 76 7
113 76 8
114 76 9
115 76 10
116 76 11
117 76 12
118 76 13
119 76 14
119 77 15
119 78 16
119 79 17
119 80 18
119 81 19
120 81 20
121 81 21
122 81 22
123 81 23
123 82 24
124 82 25
125 82 26
126 82 27
126 83 28
127 83 29
127 84 30
127 85 31
128 85 32
128 86 33
129 86 34
130 86 35
131 86 36
132 86 37
132 87 38
132 88 39
132 89 40
132 90 41
132 91 42
132 92 43
132 93 44
132 94 45
132 95 46
133 95 47
133 96 48
133 97 49
133 98 50
133 99 51
133 100 52
133 101 53
133 102 54
133 103 55
133 104 56
134 104 57
135 104 58
136 104 59
137 104 60
137 105 61
137 106 62
138 106 63
138 107 64
138 108 65
138 109 66
138 110 67
138 111 68
138 112 69
138 113 70
139 113 71
140 113 72
141 113 73
142 113 74
142 114 75
143 114 76
144 114 77
144 115 78
144 116 79
144 117 80
144 118 81
144 119 82
144 120 83
144 121 84
144 122 85
144 123 86
144 124 87
144 125 88
144 126 89
144 127 90
144 128 91
144 129 92
144 130 93
144 131 94
144 132 95
144 133 96
145 133 97
146 133 98
147 133 99
148 133 100
149 133 101
150 133 102
151 133 103
151 134 104
152 134 105
152 135 106
153 135 107
154 135 108
155 135 109
156 135 110
157 135 111
158 135 112
159 135 113
160 135 114
161 135 115
161 136 116
161 137 117
162 137 118
163 137 119
163 138 120
163 139 121
163 140 122
163 141 123
163 142 124
163 143 125
163 144 126
164 144 127
165 144 128
166 144 129
166 145 130
167 145 131
168 145 132
169 145 133
169 146 134
169 147 135
170 147 136
171 147 137
172 147 138
173 147 139
174 147 140
175 147 141
176 147 142
177 147 143
177 148 144
178 148 145
179 148 146
179 149 147
179 150 148
179 151 149
179 152 150
180 152 151
181 152 152
182 152 153
------------i2----------------
159 6032533 2
159 6032533 3
159 6032533 4
159 6032533 5
159 6032533 6
159 6032533 7
109 74 8
110 74 9
111 74 10
112 74 11
112 75 12
112 76 13
113 76 14
114 76 15
115 76 16
116 76 17
117 76 18
118 76 19
119 76 20
119 77 21
119 78 22
119 79 23
119 80 24
119 81 25
120 81 26
121 81 27
122 81 28
123 81 29
123 82 30
124 82 31
125 82 32
126 82 33
126 83 34
127 83 35
127 84 36
127 85 37
128 85 38
128 86 39
129 86 40
130 86 41
131 86 42
132 86 43
132 87 44
132 88 45
132 89 46
132 90 47
132 91 48
132 92 49
132 93 50
132 94 51
132 95 52
133 95 53
133 96 54
133 97 55
133 98 56
133 99 57
133 100 58
133 101 59
133 102 60
133 103 61
133 104 62
134 104 63
135 104 64
136 104 65
137 104 66
137 105 67
137 106 68
138 106 69
138 107 70
138 108 71
138 109 72
138 110 73
138 111 74
138 112 75
138 113 76
139 113 77
140 113 78
141 113 79
142 113 80
142 114 81
143 114 82
144 114 83
144 115 84
144 116 85
144 117 86
144 118 87
144 119 88
144 120 89
144 121 90
144 122 91
144 123 92
144 124 93
144 125 94
144 126 95
144 127 96
144 128 97
144 129 98
144 130 99
144 131 100
144 132 101
144 133 102
145 133 103
146 133 104
147 133 105
148 133 106
149 133 107
150 133 108
151 133 109
151 134 110
152 134 111
152 135 112
153 135 113
154 135 114
155 135 115
156 135 116
157 135 117
158 135 118
159 135 119
160 135 120
161 135 121
161 136 122
161 137 123
162 137 124
163 137 125
163 138 126
163 139 127
163 140 128
163 141 129
163 142 130
163 143 131
163 144 132
164 144 133
165 144 134
166 144 135
166 145 136
167 145 137
168 145 138
169 145 139
169 146 140
169 147 141
170 147 142
171 147 143
172 147 144
173 147 145
174 147 146
175 147 147
176 147 148
177 147 149
177 148 150
178 148 151
179 148 152
179 149 153
179 150 154
179 151 155
179 152 156
180 152 157
181 152 158
182 152 159
